64.135  20.861  17.334
82.290  71.013  19.818
192.674  84.736  17.023
21.322  104.279  20.773
234.881  135.972  17.795
83.608  165.038  20.560
42.042  180.505  20.697
184.327  190.934  16.721
185.693  214.135  20.306
299.308  229.975  17.850
165.975  237.804  19.475
21.334  259.954  17.318
143.381  260.368  20.286
292.237  275.077  20.644
150.231  287.779  19.146
187.923  297.406  19.982
45.003  324.173  18.774
209.461  325.574  18.598
129.933  364.303  19.658
295.531  398.258  20.380
26.901  408.439  20.664
43.162  414.092  20.520
105.034  427.453  19.026
295.036  480.865  20.588
