63.670  19.121  17.332
81.922  69.311  19.816
192.116  82.953  17.022
20.932  102.761  20.802
234.318  134.161  17.799
83.121  163.108  20.629
41.527  178.780  20.599
183.813  189.125  16.723
185.091  212.464  20.334
298.828  228.129  17.851
165.374  235.979  19.477
20.890  258.211  17.323
142.902  258.756  20.199
291.694  273.435  20.733
149.738  286.053  19.136
187.311  295.802  19.978
44.401  322.681  18.760
208.940  323.868  18.619
129.341  362.697  19.640
294.836  396.606  20.412
26.247  406.704  20.695
42.715  412.411  20.523
104.365  425.791  19.001
294.449  479.259  20.584
