58.965  21.184  18.619
77.159  71.480  21.078
187.590  85.119  18.143
16.161  104.971  22.181
229.808  136.402  18.928
78.486  165.380  21.865
36.823  180.923  21.736
179.260  191.382  18.055
180.366  214.732  21.373
294.269  230.558  19.423
160.845  238.174  20.634
16.157  260.665  18.611
138.187  260.902  21.321
287.143  275.752  21.599
145.100  288.232  19.518
182.824  298.115  21.739
39.813  324.945  19.809
204.269  326.108  19.700
124.783  365.015  21.358
290.307  398.933  21.355
21.507  409.041  21.628
37.954  414.865  21.602
99.835  428.049  19.398
289.964  481.430  21.398
