58.952  21.172  18.613
77.091  71.528  21.076
187.606  85.110  18.141
16.128  104.907  22.210
229.838  136.371  18.923
78.381  165.321  21.826
36.801  180.869  21.692
179.232  191.405  18.057
180.499  214.778  21.378
294.260  230.518  19.431
160.855  238.166  20.654
16.118  260.752  18.608
138.147  260.901  21.305
287.099  275.718  21.662
145.089  288.246  19.510
182.698  298.185  21.643
39.773  324.966  19.805
204.251  326.115  19.679
124.771  365.086  21.425
290.265  399.002  21.295
21.485  408.985  21.680
37.907  414.860  21.588
99.832  428.096  19.402
289.965  481.641  21.437
